3184at766	0	14.1	141.0
678at766	0	43.2	432.0
1483at766	0	20.7	207.0
605at766	0	82.990517681	584
2845at766	0	14.9	149.0
3322at766	0	9.4	94.0
1570at766	0	21.3	213.0
248at766	0	48.1	481.0
3489at766	0	11.9	119.0
100at766	0	62.2	622.0
1331at766	0	43.7	437.0
1932at766	0	25.8	258.0
1673at766	0	22.1	221.0
2127at766	0	14.7	147.0
3561at766	0	12.4	124.0
197at766	0	55.7	557.0
968at766	0	43.4	434.0
1379at766	0	27.6	276.0
3248at766	0	10.9	109.0
2887at766	0	22.0	220.0
624at766	0	41.0	410.0
3670at766	0	7.9	79.0
2977at766	0	12.6	126.0
1437at766	0	32.8	328.0
3896at766	0	7.6	76.0
312at766	0	75.1080337505	461
3520at766	0	8.5	85.0
933at766	0	50.8	508.0
1181at766	0	35.4	354.0
1658at766	0	17.3	173.0
2660at766	0	16.4	164.0
2042at766	0	22.3	223.0
1893at766	0	26.9	269.0
1899at766	0	18.7	187.0
2711at766	0	22.1	221.0
1619at766	0	34.9	349.0
286at766	0	68.1	681.0
538at766	0	53.3	533.0
910at766	0	38.2	382.0
406at766	0	51.0	510.0
3020at766	0	15.2	152.0
3246at766	0	11.1	111.0
1801at766	0	28.9	289.0
14at766	0	90.2	902.0
452at766	0	33.5	335.0
794at766	0	36.8	368.0
176at766	0	59.0	590.0
1393at766	0	20.7	207.0
2340at766	0	19.9	199.0
652at766	0	48.0	480.0
2505at766	0	25.1	251.0
222at766	0	99.3885854064	652
1931at766	0	27.7	277.0
283at766	0	50.3	503.0
3233at766	0	17.3	173.0
2492at766	0	20.1221004056	200
3185at766	0	12.3	123.0
1425at766	0	23.7	237.0
2551at766	0	23.2	232.0
1687at766	0	23.9	239.0
3532at766	0	9.6	96.0
2135at766	0	17.9	179.0
3898at766	0	5.3	53.0
3326at766	0	10.6	106.0
1690at766	0	21.8	218.0
3323at766	0	12.7	127.0
971at766	0	37.5	375.0
256at766	0	53.3	533.0
710at766	0	39.7	397.0
1675at766	0	35.3	353.0
1983at766	0	23.2	232.0
896at766	0	61.5054431756	384
43at766	0	70.7	707.0
584at766	0	36.4	364.0
2904at766	0	14.1	141.0
2201at766	0	18.1	181.0
2582at766	0	15.0	150.0
3666at766	0	6.2	62.0
3421at766	0	14.6	146.0
2619at766	0	12.4	124.0
300at766	0	47.3	473.0
2563at766	0	18.6	186.0
430at766	0	49.9803086225	487
2609at766	0	16.1	161.0
1503at766	0	21.0	210.0
2790at766	0	16.2	162.0
3488at766	0	8.9	89.0
1733at766	0	18.4	184.0
3523at766	0	10.3	103.0
2736at766	0	16.4	164.0
3333at766	0	8.6	86.0
3140at766	0	11.0	110.0
514at766	0	32.0	320.0
2456at766	0	27.7	277.0
1477at766	0	31.2	312.0
3208at766	0	11.1	111.0
805at766	0	29.2	292.0
1210at766	0	25.4	254.0
2263at766	0	17.3	173.0
1490at766	0	24.8	248.0
1412at766	0	35.4	354.0
3272at766	0	13.0	130.0
544at766	0	44.6	446.0
2166at766	0	19.8	198.0
2182at766	0	29.5	295.0
1306at766	0	38.4	384.0
2346at766	0	17.5	175.0
150at766	0	58.0	580.0
2523at766	0	12.8	128.0
2532at766	0	22.8	228.0
2493at766	0	27.0	270.0
3919at766	0	13.4	134.0
3713at766	0	17.4	174.0
1689at766	0	27.2	272.0
2303at766	0	20.3	203.0
3490at766	0	11.7	117.0
2777at766	0	20.3	203.0
2470at766	0	20.1	201.0
1564at766	0	23.7	237.0
1363at766	0	35.7	357.0
1882at766	0	18.5	185.0
2693at766	0	11.7	117.0
1023at766	0	29.3	293.0
12at766	0	211.894359387	1175
592at766	0	32.7	327.0
3461at766	0	7.4	74.0
4031at766	0	7.3	73.0
483at766	0	50.2	502.0
153at766	0	70.9	709.0
3694at766	0	11.9	119.0
595at766	0	33.6	336.0
3119at766	0	16.8	168.0
1440at766	0	31.2	312.0
997at766	0	36.3	363.0
59at766	0	66.7	667.0
686at766	0	35.1	351.0
4053at766	0	8.4	84.0
3234at766	0	11.8	118.0
1530at766	0	25.9	259.0
3626at766	0	9.9	99.0
3622at766	0	9.8	98.0
2562at766	0	17.8	178.0
3796at766	0	5.9	59.0
1132at766	0	32.4	324.0
1841at766	0	20.2	202.0
1940at766	0	26.9	269.0
2216at766	0	17.9	179.0
2437at766	0	14.4	144.0
3223at766	0	15.6	156.0
1701at766	0	41.8135290561	323
364at766	0	66.0	660.0
788at766	0	54.6	546.0
2575at766	0	22.0957410872	162
1896at766	0	23.8	238.0
1621at766	0	23.3	233.0
573at766	0	32.1	321.0
2536at766	0	10.9	109.0
2707at766	0	12.1	121.0
3335at766	0	10.5	105.0
3575at766	0	10.7	107.0
1875at766	0	28.2	282.0
1557at766	0	21.1	211.0
4000at766	0	8.4	84.0
2649at766	0	13.5841777468	123
697at766	0	43.0	430.0
1547at766	0	19.7	197.0
3778at766	0	7.4	74.0
47at766	0	71.4	714.0
2903at766	0	14.8	148.0
3481at766	0	14.3	143.0
392at766	0	53.8	538.0
2850at766	0	18.6	186.0
3097at766	0	9.89895182895	90
2044at766	0	22.3	223.0
2073at766	0	16.6	166.0
60at766	0	82.2	822.0
3066at766	0	14.0	140.0
2678at766	0	33.8293720203	233
1231at766	0	37.6	376.0
1894at766	0	19.0	190.0
1581at766	0	29.1	291.0
2657at766	0	13.5	135.0
3381at766	0	19.4	194.0
2809at766	0	20.4	204.0
3934at766	0	8.1	81.0
377at766	0	48.3	483.0
363at766	0	46.7	467.0
3456at766	0	12.6	126.0
3975at766	0	7.8	78.0
786at766	0	48.5	485.0
132at766	0	67.9	679.0
382at766	0	41.0	410.0
1611at766	0	32.8	328.0
3732at766	0	9.6	96.0
996at766	0	22.9	229.0
620at766	0	32.7	327.0
1655at766	0	26.9	269.0
650at766	0	32.2	322.0
1476at766	0	41.0	410.0
1338at766	0	17.3	173.0
170at766	0	53.9	539.0
712at766	0	43.7	437.0
348at766	0	50.0	500.0
3566at766	0	11.2	112.0
257at766	0	47.6	476.0
872at766	0	41.8063411612	296
350at766	0	48.3	483.0
3542at766	0	8.2	82.0
2514at766	0	14.7	147.0
162at766	0	70.7	707.0
1762at766	0	18.0	180.0
1696at766	0	25.8	258.0
812at766	0	30.9	309.0
1090at766	0	31.8	318.0
2033at766	0	16.9	169.0
2787at766	0	23.7	237.0
1004at766	0	28.0	280.0
1891at766	0	16.0	160.0
1297at766	0	32.2	322.0
2461at766	0	18.0	180.0
1561at766	0	34.8	348.0
1365at766	0	27.1	271.0
3213at766	0	15.3	153.0
931at766	0	34.6	346.0
2701at766	0	16.0	160.0
1454at766	0	27.0	270.0
404at766	0	36.0	360.0
3976at766	0	8.3	83.0
2943at766	0	19.0	190.0
843at766	0	58.81410486	405
1310at766	0	24.3	243.0
2557at766	0	13.4	134.0
3917at766	0	10.4	104.0
2070at766	0	24.6	246.0
311at766	0	68.1	681.0
119at766	0	70.0	700.0
503at766	0	44.6	446.0
3904at766	0	5.7	57.0
3127at766	0	20.2	202.0
498at766	0	35.9	359.0
49at766	0	72.3	723.0
1637at766	0	20.4	204.0
2834at766	0	12.6	126.0
2632at766	0	19.5	195.0
3372at766	0	10.5	105.0
431at766	0	34.6	346.0
117at766	0	62.6	626.0
496at766	0	50.4	504.0
216at766	0	52.0	520.0
1276at766	0	26.9	269.0
2208at766	0	35.3	353.0
1528at766	0	25.4	254.0
1683at766	0	26.1433188077	205
2069at766	0	24.1	241.0
129at766	0	76.8	768.0
857at766	0	28.2	282.0
646at766	0	35.9	359.0
2518at766	0	12.9	129.0
1190at766	0	25.0	250.0
2404at766	0	21.0	210.0
2996at766	0	13.1	131.0
2045at766	0	19.5	195.0
757at766	0	37.0	370.0
2381at766	0	17.7	177.0
1740at766	0	27.6	276.0
1817at766	0	20.7	207.0
1446at766	0	47.7	477.0
935at766	0	35.2	352.0
3090at766	0	17.7	177.0
3995at766	0	8.3	83.0
1222at766	0	28.6	286.0
2424at766	0	22.7	227.0
1304at766	0	36.7	367.0
1755at766	0	26.4	264.0
2712at766	0	17.4	174.0
3207at766	0	12.0	120.0
349at766	0	54.5	545.0
1739at766	0	20.3	203.0
2656at766	0	19.9	199.0
383at766	0	55.1447051191	392
1945at766	0	17.1	171.0
1527at766	0	28.5	285.0
22at766	0	121.8	1218.0
3219at766	0	17.3	173.0
2739at766	0	26.1	261.0
3352at766	0	8.1	81.0
322at766	0	43.9	439.0
1578at766	0	34.7	347.0
2163at766	0	20.0	200.0
384at766	0	39.7	397.0
2960at766	0	16.2	162.0
2567at766	0	11.8	118.0
540at766	0	38.1	381.0
2005at766	0	17.5	175.0
1135at766	0	25.6	256.0
255at766	0	53.5	535.0
2606at766	0	14.7	147.0
1718at766	0	18.2	182.0
3328at766	0	8.7	87.0
3008at766	0	10.7	107.0
2000at766	0	23.8	238.0
1146at766	0	36.6	366.0
1914at766	0	23.3	233.0
1148at766	0	24.2	242.0
1288at766	0	30.3	303.0
947at766	0	27.0	270.0
3605at766	0	9.4	94.0
3644at766	0	6.8	68.0
1853at766	0	35.8	358.0
770at766	0	36.4	364.0
613at766	0	38.3	383.0
4072at766	0	5.2	52.0
3687at766	0	11.1	111.0
2674at766	0	18.9	189.0
634at766	0	67.2971264305	417
1333at766	0	22.5	225.0
421at766	0	56.7	567.0
2458at766	0	15.8	158.0
3at766	0	208.671131518	1223
3819at766	0	7.2	72.0
246at766	0	71.2	712.0
2561at766	0	15.0593080392	123
1541at766	0	20.2	202.0
3074at766	0	15.5	155.0
2305at766	0	24.2	242.0
2825at766	0	16.0	160.0
3395at766	0	8.6	86.0
803at766	0	44.3	443.0
3351at766	0	10.4	104.0
3356at766	0	9.4	94.0
823at766	0	31.7	317.0
3110at766	0	18.0	180.0
101at766	0	95.3696112244	663
3314at766	0	12.2	122.0
2710at766	0	15.4	154.0
2531at766	0	13.1	131.0
740at766	0	46.3	463.0
2084at766	0	26.6	266.0
3992at766	0	5.6	56.0
559at766	0	35.2	352.0
2913at766	0	17.6	176.0
172at766	0	58.9	589.0
1015at766	0	26.2	262.0
977at766	0	39.8	398.0
2580at766	0	23.0	230.0
3157at766	0	10.1	101.0
3062at766	0	19.6	196.0
982at766	0	36.3	363.0
2715at766	0	18.2	182.0
3939at766	0	4.5	45.0
2771at766	0	19.3	193.0
1152at766	0	25.6	256.0
3058at766	0	12.8	128.0
3797at766	0	6.5	65.0
2666at766	0	17.7	177.0
1269at766	0	32.4	324.0
400at766	0	41.9	419.0
2841at766	0	16.2	162.0
1409at766	0	30.1	301.0
3665at766	0	13.8	138.0
2295at766	0	27.9	279.0
1360at766	0	24.2	242.0
3319at766	0	9.9	99.0
3229at766	0	10.0	100.0
